30000	0.980	0.22340426	0.45145512	0.5294118
30001	0.958	0.41489363	0.42452118	0.47058824
30002	0.940	0.07446808	0.21104327	0.23529412
30003	0.938	1.0	1.0	1.0
30004	0.938	0.4680851	0.49183613	0.5294118
30005	0.926	0.15957448	0.14773577	0.1764706
30006	0.924	0.15425532	0.40337223	0.47058824
30007	0.922	0.13829787	0.2419053	0.23529412
30008	0.920	0.21276596	0.41345966	0.47058824
30009	0.917	0.5159574	0.38313922	0.3529412
30010	0.917	0.13297872	0.17428897	0.1764706
30011	0.917	0.04787234	0.13606192	0.1764706
30012	0.917	0.0106382985	0.037995446	0.05882353
30013	0.917	0.356383	0.5413518	0.5882353
30014	0.900	0.15957446	0.3192101	0.3529412
30015	0.896	0.2606383	0.27688769	0.29411766
30016	0.896	0.32978725	0.46875164	0.5294118
30017	0.880	0.090425536	0.12540644	0.11764706
30018	0.879	0.43617022	0.424909	0.4117647
30019	0.877	0.3351064	0.5387175	0.5294118
30020	0.875	0.20744681	0.2837977	0.3529412
30021	0.875	0.4042553	0.43909237	0.47058824
30022	0.875	0.5159575	0.5568909	0.5882353
30023	0.875	0.2074468	0.47729567	0.5882353
30024	0.872	0.16489363	0.14783806	0.1764706
30025	0.868	0.11702128	0.30898863	0.3529412
30026	0.864	0.18617022	0.17233454	0.1764706
30027	0.863	0.11702128	0.34346202	0.4117647
30028	0.860	0.13297872	0.32738134	0.3529412
30029	0.860	0.19680853	0.27475753	0.29411766
30030	0.860	0.24468085	0.3456637	0.4117647
30031	0.854	0.3244681	0.48069814	0.5294118
30032	0.854	0.09574468	0.23053715	0.23529412
30033	0.854	0.30851066	0.5793962	0.7058824
30034	0.854	0.18617022	0.2078068	0.23529412
30035	0.854	0.23404256	0.32308337	0.3529412
30036	0.854	0.08510639	0.18130128	0.23529412
30037	0.854	0.43085107	0.524446	0.5294118
30038	0.849	0.17021278	0.18573123	0.23529412
30039	0.846	0.20212765	0.29759032	0.29411766
30040	0.840	0.19148935	0.23615761	0.29411766
30041	0.840	0.55851066	0.49353436	0.47058824
30042	0.840	0.13829787	0.07174488	0.05882353
30043	0.840	0.19148935	0.23615761	0.29411766
30044	0.840	0.17553192	0.16981135	0.1764706
30045	0.833	0.11702128	0.32295093	0.4117647
30046	0.833	0.26595744	0.36344126	0.4117647
30047	0.833	0.21276595	0.53093773	0.5882353
30048	0.833	0.24468085	0.3456637	0.4117647
30049	0.833	0.30851063	0.4236532	0.4117647
30050	0.833	0.17553192	0.1858335	0.23529412
30051	0.827	0.101063825	0.30647612	0.4117647
30052	0.827	0.08510639	0.29062542	0.4117647
30053	0.827	0.021276597	0.07599089	0.11764706
30054	0.820	0.6968085	0.8051087	0.8235294
30055	0.820	0.05851064	0.15449432	0.1764706
30056	0.820	0.15957448	0.46351242	0.5882353
30057	0.815	0.20744681	0.2582332	0.29411766
30058	0.812	0.63297874	0.6816237	0.7058824
30059	0.812	0.22340426	0.28508794	0.29411766
30060	0.812	0.1968085	0.31174502	0.3529412
30061	0.812	0.42553192	0.39231056	0.4117647
30062	0.812	0.18617022	0.22382896	0.29411766
30063	0.812	0.26595744	0.35353354	0.4117647
30064	0.812	0.19148935	0.2595949	0.23529412
30065	0.812	0.31914896	0.25768068	0.29411766
30066	0.808	0.3138298	0.4080338	0.4117647
30067	0.808	0.17021278	0.29953662	0.3529412
30068	0.796	0.10638298	0.33371508	0.4117647
30069	0.792	0.34042555	0.6465491	0.7058824
30070	0.792	0.090425536	0.12540644	0.11764706
30071	0.792	0.3351064	0.53716636	0.5294118
30072	0.792	0.0106382985	0.037995446	0.05882353
30073	0.792	0.031914894	0.0944233	0.11764706
30074	0.792	0.356383	0.49324802	0.5294118
30075	0.792	0.20744681	0.23230326	0.23529412
30076	0.792	0.25531915	0.36604658	0.4117647
30077	0.792	0.5053192	0.51889545	0.5294118
30078	0.788	0.14893617	0.27990076	0.29411766
30079	0.780	0.11702128	0.32295093	0.4117647
30080	0.780	0.5744681	0.28101984	0.29411766
30081	0.780	0.042553194	0.13241875	0.1764706
30082	0.771	0.5053191	0.7044759	0.7647059
30083	0.771	0.090425536	0.12540644	0.11764706
30084	0.771	0.042553186	0.1103951	0.11764706
30085	0.771	0.43617022	0.424909	0.4117647
30086	0.771	0.10638297	0.07091578	0.05882353
30087	0.771	0.015957447	0.050324082	0.05882353
30088	0.771	0.10106384	0.18296494	0.23529412
30089	0.771	0.04787234	0.112816	0.11764706
30090	0.771	0.2712766	0.28246793	0.29411766
30091	0.771	0.2287234	0.2378437	0.23529412
30092	0.769	0.11170213	0.28929424	0.3529412
30093	0.769	0.17553192	0.1858335	0.23529412
30094	0.760	0.2819149	0.26764753	0.23529412
30095	0.760	0.026595745	0.08831953	0.11764706
30096	0.760	0.021276597	0.056427848	0.05882353
30097	0.760	0.11170212	0.2413723	0.29411766
30098	0.760	0.18617022	0.22382896	0.29411766
30099	0.760	0.090425536	0.30295405	0.4117647
30100	0.760	0.14893617	0.10974033	0.11764706
30101	0.750	0.042553194	0.13241875	0.1764706
30102	0.750	0.31914893	0.4616486	0.47058824
30103	0.750	0.20744681	0.26423463	0.29411766
30104	0.750	0.101063825	0.20337684	0.23529412
30105	0.750	0.0	0.0	0.0
30106	0.750	0.09574468	0.17771004	0.1764706
30107	0.750	0.43617022	0.430306	0.47058824
30108	0.745	0.18085107	0.4313907	0.5294118
30109	0.740	0.12765957	0.27128446	0.3529412
30110	0.740	0.14893617	0.38736072	0.47058824
30111	0.740	0.14893617	0.425517	0.5294118
30112	0.740	0.10638297	0.26853257	0.29411766
30113	0.740	0.101063825	0.21632062	0.23529412
30114	0.740	0.18085107	0.19816214	0.23529412
30115	0.731	0.26595744	0.37088835	0.4117647
30116	0.729	0.356383	0.45781556	0.47058824
30117	0.729	0.46276596	0.56580865	0.5882353
30118	0.729	0.2606383	0.24447247	0.23529412
30119	0.729	0.15957448	0.2626085	0.29411766
30120	0.729	0.0	0.0	0.0
30121	0.729	0.22340426	0.33412176	0.4117647
30122	0.729	0.042553194	0.10048737	0.11764706
30123	0.729	0.0	0.0	0.0
30124	0.729	0.069148935	0.1538287	0.1764706
30125	0.729	0.356383	0.46138623	0.47058824
30126	0.729	0.45212767	0.48992005	0.47058824
30127	0.720	0.08510639	0.17703322	0.1764706
30128	0.720	0.18085107	0.46844584	0.5294118
30129	0.720	0.026595743	0.06007102	0.05882353
30130	0.720	0.17021278	0.32522368	0.3529412
30131	0.720	0.25531915	0.43409368	0.47058824
30132	0.708	0.18617022	0.17233454	0.1764706
30133	0.708	0.18617022	0.28788307	0.29411766
30134	0.708	0.15425533	0.10984261	0.11764706
30135	0.708	0.053191487	0.06731493	0.05882353
30136	0.708	0.07446808	0.22438145	0.29411766
30137	0.708	0.34042555	0.3203334	0.3529412
30138	0.708	0.393617	0.4010969	0.4117647
30139	0.708	0.1968085	0.24580225	0.29411766
30140	0.708	0.10106384	0.18296494	0.23529412
30141	0.708	0.021276597	0.07599089	0.11764706
30142	0.704	0.12765957	0.3469841	0.4117647
30143	0.704	0.34042555	0.37802067	0.3529412
30144	0.700	0.0106382985	0.037995446	0.05882353
30145	0.700	0.042553194	0.10048737	0.11764706
30146	0.700	0.11702128	0.18865874	0.1764706
30147	0.694	0.03723404	0.09806647	0.11764706
30148	0.688	0.28723404	0.6263216	0.7058824
30149	0.688	0.122340426	0.22114363	0.23529412
30150	0.688	0.06382979	0.14150006	0.1764706
30151	0.688	0.17021278	0.32522368	0.3529412
30152	0.688	0.053191487	0.14839056	0.1764706
30153	0.688	0.031914894	0.11398634	0.1764706
30154	0.688	0.05319149	0.11891977	0.11764706
30155	0.680	0.65425533	0.81436557	0.8235294
30156	0.680	0.122340426	0.2598047	0.29411766
30157	0.680	0.07978723	0.17899078	0.1764706
30158	0.680	0.06382979	0.10531038	0.11764706
30159	0.680	0.026595743	0.06007102	0.05882353
30160	0.680	0.3031915	0.3737212	0.3529412
30161	0.680	0.0106382985	0.037995446	0.05882353
30162	0.680	0.101063825	0.2832302	0.3529412
30163	0.673	0.090425536	0.24891762	0.29411766
30164	0.667	0.0	0.0	0.0
30165	0.667	0.026595743	0.06007102	0.05882353
30166	0.667	0.36170214	0.40232578	0.47058824
30167	0.667	0.0	0.0	0.0
30168	0.667	0.07978724	0.2649586	0.3529412
30169	0.667	0.2287234	0.40737832	0.4117647
30170	0.667	0.0106382985	0.037995446	0.05882353
30171	0.667	0.0	0.0	0.0
30172	0.667	0.29787233	0.34992346	0.3529412
30173	0.667	0.09574468	0.203992	0.23529412
30174	0.667	0.08510639	0.24281386	0.29411766
30175	0.667	0.37234044	0.5357948	0.5294118
30176	0.660	0.28723404	0.44687927	0.5294118
30177	0.660	0.25	0.299779	0.29411766
30178	0.660	0.2606383	0.4089423	0.47058824
30179	0.660	0.7978723	0.2554306	0.23529412
30180	0.660	0.14893617	0.10974033	0.11764706
30181	0.660	0.29787233	0.21948066	0.23529412
30182	0.660	0.026595745	0.08831953	0.11764706
30183	0.660	0.101063825	0.28445247	0.3529412
30184	0.657	0.05851064	0.115833245	0.11764706
30185	0.656	0.16489363	0.14783806	0.1764706
30186	0.656	0.07446808	0.1765699	0.1764706
30187	0.655	0.0	0.0	0.0
30188	0.654	0.18085107	0.16991363	0.1764706
30189	0.654	0.18085107	0.20416363	0.23529412
30190	0.654	0.23404256	0.37211722	0.47058824
30191	0.654	0.090425536	0.10771246	0.11764706
30192	0.646	0.090425536	0.18505485	0.1764706
30193	0.646	0.13829787	0.34936526	0.4117647
30194	0.646	0.28723404	0.3749832	0.4117647
30195	0.646	0.07978724	0.06971701	0.05882353
30196	0.646	0.18617022	0.22382896	0.29411766
30197	0.646	0.021276597	0.056427848	0.05882353
30198	0.646	0.08510639	0.20027913	0.23529412
30199	0.646	0.20212765	0.47998774	0.5294118
30200	0.646	0.5638298	0.51847297	0.5294118
30201	0.646	0.17021278	0.16616818	0.1764706
30202	0.646	0.21276596	0.21505071	0.23529412
30203	0.646	0.2606383	0.37347007	0.4117647
30204	0.646	0.07446808	0.14330582	0.1764706
30205	0.646	0.0106382985	0.037995446	0.05882353
30206	0.646	0.13297872	0.3064856	0.3529412
30207	0.646	0.042553186	0.1103951	0.11764706
30208	0.640	0.14361702	0.16898225	0.1764706
30209	0.640	0.22340426	0.40182972	0.47058824
30210	0.640	0.24468085	0.3330537	0.3529412
30211	0.640	0.031914894	0.100648165	0.11764706
30212	0.640	0.06382979	0.10531038	0.11764706
30213	0.625	0.10638297	0.29055622	0.3529412
30214	0.625	0.042553194	0.13864362	0.1764706
30215	0.625	0.21276596	0.27302238	0.29411766
30216	0.625	0.20212765	0.3357466	0.3529412
30217	0.625	0.031914894	0.11398634	0.1764706
30218	0.625	0.4893617	0.5926563	0.5882353
30219	0.625	0.069148935	0.17292672	0.1764706
30220	0.625	0.03723404	0.09806647	0.11764706
30221	0.625	0.11702128	0.22544163	0.23529412
30222	0.625	0.09574468	0.16294	0.1764706
30223	0.625	0.28723404	0.6263216	0.7058824
30224	0.625	0.021276597	0.056427848	0.05882353
30225	0.620	0.101063825	0.26120654	0.29411766
30226	0.620	0.05851064	0.115833245	0.11764706
30227	0.620	0.09574468	0.19973367	0.23529412
30228	0.620	0.053191487	0.14839056	0.1764706
30229	0.620	0.44680852	0.5507258	0.5882353
30230	0.620	0.22340426	0.20276323	0.1764706
30231	0.620	0.13829787	0.32980224	0.3529412
30232	0.615	0.2712766	0.5369218	0.5882353
30233	0.615	0.07446808	0.14330582	0.1764706
30234	0.613	0.3457447	0.3367779	0.29411766
30235	0.611	0.0106382985	0.037995446	0.05882353
30236	0.607	0.59574467	0.6355061	0.7058824
30237	0.604	0.10638298	0.16704506	0.1764706
30238	0.604	0.12765957	0.23029421	0.23529412
30239	0.604	0.4680851	0.41538027	0.4117647
30240	0.604	0.0106382985	0.037995446	0.05882353
30241	0.604	0.04787234	0.13606192	0.1764706
30242	0.604	0.03723404	0.12631498	0.1764706
30243	0.604	0.4574468	0.51640266	0.5294118
30244	0.604	0.069148935	0.20117523	0.23529412
30245	0.604	0.31914893	0.5826164	0.64705884
30246	0.604	0.09574468	0.18250304	0.23529412
30247	0.604	0.28723404	0.6263216	0.7058824
30248	0.602	0.37234044	0.5357948	0.5294118
30249	0.600	0.10638298	0.16704506	0.1764706
30250	0.600	0.29787233	0.21948066	0.23529412
30251	0.600	0.021276597	0.056427848	0.05882353
30252	0.600	0.7659574	0.71997815	0.7058824
30253	0.600	0.21276596	0.26433694	0.29411766
30254	0.600	0.0106382985	0.037995446	0.05882353
30255	0.600	0.4042553	0.5304958	0.5294118
30256	0.600	0.18085107	0.31545806	0.29411766
30257	0.600	0.04787234	0.13606192	0.1764706
30258	0.596	0.28723404	0.6263216	0.7058824
30259	0.593	0.021276597	0.07599089	0.11764706
30260	0.583	0.13297874	0.22151534	0.23529412
30261	0.583	0.10638298	0.16704506	0.1764706
30262	0.583	0.2606383	0.37347007	0.4117647
30263	0.583	0.0	0.0	0.0
30264	0.583	0.17553192	0.1858335	0.23529412
30265	0.583	0.43085107	0.46583673	0.5294118
30266	0.583	0.026595743	0.06007102	0.05882353
30267	0.583	0.2287234	0.36549795	0.4117647
30268	0.583	0.0	0.0	0.0
30269	0.583	0.026595743	0.06007102	0.05882353
30270	0.583	0.07446808	0.106512144	0.11764706
30271	0.580	0.42021275	0.6242253	0.7058824
30272	0.580	0.28723404	0.42476267	0.47058824
30273	0.580	0.2712766	0.2650117	0.23529412
30274	0.580	0.25	0.2905667	0.29411766
30275	0.580	0.3244681	0.24407943	0.23529412
30276	0.580	0.015957447	0.050324082	0.05882353
30277	0.580	0.021276597	0.056427848	0.05882353
30278	0.580	0.021276597	0.056427848	0.05882353
30279	0.578	0.0	0.0	0.0
30280	0.577	0.76063836	0.6424621	0.5882353
30281	0.577	0.4893617	0.40782672	0.4117647
30282	0.567	0.07446808	0.21447371	0.29411766
30283	0.562	0.22340426	0.17882122	0.1764706
30284	0.562	0.0	0.0	0.0
30285	0.562	0.34042555	0.46210334	0.47058824
30286	0.562	0.22340426	0.17882122	0.1764706
30287	0.562	0.34042555	0.5088271	0.5882353
30288	0.562	0.16489363	0.14783806	0.1764706
30289	0.562	0.14893617	0.36779767	0.4117647
30290	0.562	0.0	0.0	0.0
30291	0.562	0.2393617	0.27512172	0.29411766
30292	0.562	0.0	0.0	0.0
30293	0.562	0.22340426	0.270401	0.29411766
30294	0.562	0.35106385	0.30415043	0.29411766
30295	0.562	0.19148935	0.46938613	0.5882353
30296	0.562	0.090425536	0.2298196	0.29411766
30297	0.562	0.47340426	0.49866858	0.47058824
30298	0.562	0.021276597	0.056427848	0.05882353
30299	0.562	0.15957448	0.30983487	0.3529412
30300	0.560	0.031914894	0.062491916	0.05882353
30301	0.560	0.021276597	0.056427848	0.05882353
30302	0.560	0.021276597	0.056427848	0.05882353
30303	0.560	0.21276595	0.40330273	0.4117647
30304	0.560	0.053191487	0.14839056	0.1764706
30305	0.560	0.15425533	0.10984261	0.11764706
30306	0.560	0.0	0.0	0.0
30307	0.560	0.021276597	0.056427848	0.05882353
30308	0.560	0.29787233	0.3577097	0.3529412
30309	0.560	0.11702128	0.3152135	0.3529412
30310	0.560	0.0106382985	0.037995446	0.05882353
30311	0.560	0.021276597	0.056427848	0.05882353
30312	0.560	0.0106382985	0.037995446	0.05882353
30313	0.560	0.11702128	0.3152135	0.3529412
30314	0.560	0.05851064	0.115833245	0.11764706
30315	0.560	0.07446808	0.1765699	0.1764706
30316	0.558	0.0	0.0	0.0
30317	0.558	0.31914896	0.4461932	0.47058824
30318	0.558	0.13829787	0.07174488	0.05882353
30319	0.558	0.0	0.0	0.0
30320	0.558	0.18085107	0.30513567	0.29411766
30321	0.550	0.0	0.0	0.0
30322	0.547	0.30319148	0.42971835	0.47058824
30323	0.544	0.37765956	0.45076424	0.47058824
30324	0.542	0.1968085	0.52342266	0.64705884
30325	0.542	0.3670213	0.35093364	0.3529412
30326	0.542	0.021276597	0.056427848	0.05882353
30327	0.542	0.0	0.0	0.0
30328	0.542	0.04787234	0.13606192	0.1764706
30329	0.542	0.031914894	0.100648165	0.11764706
30330	0.542	0.122340426	0.17020437	0.1764706
30331	0.542	0.0	0.0	0.0
30332	0.542	0.021276597	0.056427848	0.05882353
30333	0.540	0.14361702	0.3611077	0.4117647
30334	0.540	0.20212765	0.17705527	0.1764706
30335	0.540	0.069148935	0.18880689	0.23529412
30336	0.540	0.13829787	0.07174488	0.05882353
30337	0.540	0.03723404	0.09806647	0.11764706
30338	0.538	0.021276597	0.056427848	0.05882353
30339	0.537	0.2819149	0.31794015	0.3529412
30340	0.536	0.2393617	0.27512172	0.29411766
30341	0.536	0.10638298	0.15803654	0.1764706
30342	0.534	0.21808511	0.28266707	0.29411766
30343	0.533	0.0	0.0	0.0
30344	0.522	0.06382979	0.186386	0.23529412
30345	0.521	0.32978725	0.39774454	0.4117647
30346	0.521	0.0	0.0	0.0
30347	0.521	0.1968085	0.1391621	0.11764706
30348	0.521	0.0	0.0	0.0
30349	0.521	0.20212765	0.29654777	0.29411766
30350	0.521	0.18085107	0.3529472	0.4117647
30351	0.521	0.0	0.0	0.0
30352	0.521	0.10638298	0.18744619	0.1764706
30353	0.521	0.0	0.0	0.0
30354	0.521	0.2606383	0.37347007	0.4117647
30355	0.521	0.090425536	0.15683623	0.1764706
30356	0.521	0.36170214	0.47759125	0.47058824
30357	0.521	0.23404256	0.21681666	0.23529412
30358	0.521	0.18617022	0.3938474	0.47058824
30359	0.521	0.2606383	0.4089423	0.47058824
30360	0.521	0.40957445	0.58622986	0.64705884
30361	0.520	0.021276597	0.056427848	0.05882353
30362	0.520	0.29787233	0.45858198	0.5294118
30363	0.520	0.22340426	0.17882122	0.1764706
30364	0.520	0.44680852	0.5002012	0.5294118
30365	0.520	0.10638297	0.17081955	0.1764706
30366	0.520	0.021276597	0.07599089	0.11764706
30367	0.520	0.7659574	0.83247775	0.88235295
30368	0.520	0.25531918	0.24821383	0.23529412
30369	0.520	0.20212765	0.2226586	0.23529412
30370	0.519	0.0	0.0	0.0
30371	0.519	0.29787233	0.6643171	0.7647059
30372	0.519	0.24468085	0.23878996	0.23529412
30373	0.519	0.021276597	0.056427848	0.05882353
30374	0.519	0.18085107	0.3699885	0.4117647
30375	0.510	0.021276597	0.056427848	0.05882353
30376	0.509	0.069148935	0.19248977	0.23529412
30377	0.500	0.090425536	0.1653814	0.1764706
30378	0.500	0.3457447	0.4198201	0.4117647
30379	0.500	0.22340426	0.19104756	0.1764706
30380	0.500	0.090425536	0.24523473	0.29411766
30381	0.500	0.042553186	0.1103951	0.11764706
30382	0.500	0.12765957	0.3113698	0.3529412
30383	0.500	0.30851066	0.34678432	0.3529412
30384	0.500	0.021276597	0.056427848	0.05882353
30385	0.500	0.06382979	0.186386	0.23529412
30386	0.500	0.2393617	0.22914529	0.23529412
30387	0.500	0.18617022	0.17233454	0.1764706
30388	0.500	0.11702128	0.2966203	0.3529412
30389	0.500	0.4893617	0.5926563	0.5882353
30390	0.500	0.16489363	0.13181591	0.11764706
30391	0.500	0.5638298	0.5995486	0.64705884
30392	0.500	0.13829787	0.24803102	0.23529412
30393	0.500	0.393617	0.53446555	0.5294118
30394	0.500	0.19148935	0.39038748	0.4117647
30395	0.500	0.08510639	0.18130128	0.23529412
30396	0.500	0.090425536	0.26848066	0.3529412
30397	0.500	0.0	0.0	0.0
30398	0.500	0.0	0.0	0.0
30399	0.500	0.05851064	0.17405736	0.23529412
30400	0.500	0.40957445	0.41572538	0.4117647
30401	0.500	0.021276597	0.056427848	0.05882353
30402	0.500	0.0	0.0	0.0
30403	0.500	0.36170214	0.38276273	0.4117647
30404	0.500	0.24468085	0.23524906	0.23529412
30405	0.494	0.13829787	0.25341827	0.23529412
30406	0.483	0.069148935	0.18880689	0.23529412
30407	0.483	0.0	0.0	0.0
30408	0.482	0.021276597	0.056427848	0.05882353
30409	0.481	0.021276597	0.056427848	0.05882353
30410	0.481	0.13297872	0.2591391	0.29411766
30411	0.480	0.042553194	0.13241875	0.1764706
30412	0.480	0.05851064	0.20230588	0.29411766
30413	0.480	0.06382979	0.16314007	0.1764706
30414	0.480	0.19148935	0.3719957	0.4117647
30415	0.480	0.03723404	0.12631498	0.1764706
30416	0.480	0.356383	0.3070654	0.29411766
30417	0.480	0.20744681	0.2582332	0.29411766
30418	0.480	0.44680852	0.47840726	0.47058824
30419	0.480	0.015957447	0.050324082	0.05882353
30420	0.480	0.06382979	0.14150006	0.1764706
30421	0.480	0.37765956	0.37351394	0.4117647
30422	0.480	0.021276597	0.056427848	0.05882353
30423	0.480	0.25531915	0.36836517	0.4117647
30424	0.480	0.0	0.0	0.0
30425	0.480	0.021276597	0.056427848	0.05882353
30426	0.480	0.0	0.0	0.0
30427	0.480	0.14893617	0.10974033	0.11764706
30428	0.480	0.2819149	0.14359204	0.11764706
30429	0.480	0.026595745	0.08831953	0.11764706
30430	0.480	0.0	0.0	0.0
30431	0.480	0.031914894	0.062491916	0.05882353
30432	0.480	0.3031915	0.4728772	0.5294118
30433	0.479	0.39893615	0.37772992	0.3529412
30434	0.479	0.44148937	0.48981774	0.47058824
30435	0.479	0.2606383	0.37347007	0.4117647
30436	0.479	0.04787234	0.13606192	0.1764706
30437	0.479	0.021276597	0.056427848	0.05882353
30438	0.479	0.05851064	0.18274283	0.23529412
30439	0.479	0.021276597	0.056427848	0.05882353
30440	0.479	0.026595745	0.08831953	0.11764706
30441	0.479	0.25531915	0.2732445	0.29411766
30442	0.479	0.031914894	0.11398634	0.1764706
30443	0.479	0.356383	0.57148963	0.5882353
30444	0.479	0.5638298	0.5995486	0.64705884
30445	0.479	0.0106382985	0.037995446	0.05882353
30446	0.473	0.07978724	0.19182414	0.23529412
30447	0.468	0.090425536	0.12540644	0.11764706
30448	0.462	0.0	0.0	0.0
30449	0.462	0.0	0.0	0.0
30450	0.462	0.18085107	0.18214	0.1764706
30451	0.462	0.122340426	0.2512595	0.29411766
30452	0.462	0.07446808	0.19491066	0.23529412
30453	0.462	0.03723404	0.10675193	0.11764706
30454	0.460	0.0	0.0	0.0
30455	0.460	0.23404256	0.40591434	0.47058824
30456	0.460	0.10638297	0.16900405	0.1764706
30457	0.460	0.026595745	0.08831953	0.11764706
30458	0.460	0.17553192	0.36330932	0.4117647
30459	0.460	0.2606383	0.37347007	0.4117647
30460	0.459	0.0	0.0	0.0
30461	0.458	0.6968086	0.6684594	0.64705884
30462	0.458	0.43085107	0.41611046	0.4117647
30463	0.458	0.24468085	0.29652047	0.29411766
30464	0.458	0.0	0.0	0.0
30465	0.458	0.0	0.0	0.0
30466	0.458	0.32978725	0.4677657	0.47058824
30467	0.458	0.31914896	0.24434249	0.23529412
30468	0.458	0.021276597	0.056427848	0.05882353
30469	0.458	0.0	0.0	0.0
30470	0.458	0.03723404	0.09806647	0.11764706
30471	0.458	0.015957447	0.050324082	0.05882353
30472	0.458	0.14893617	0.10974033	0.11764706
30473	0.452	0.0	0.0	0.0
30474	0.449	0.021276597	0.056427848	0.05882353
30475	0.444	0.16489363	0.14783806	0.1764706
30476	0.442	0.23404256	0.35281482	0.3529412
30477	0.440	0.021276597	0.07599089	0.11764706
30478	0.440	0.2393617	0.22914529	0.23529412
30479	0.440	0.13829787	0.2829904	0.3529412
30480	0.440	0.05851064	0.18274283	0.23529412
30481	0.440	0.23404256	0.3206228	0.3529412
30482	0.440	0.29787233	0.4985949	0.5294118
30483	0.440	0.14893617	0.10974033	0.11764706
30484	0.440	0.0106382985	0.037995446	0.05882353
30485	0.440	0.11702128	0.208815	0.23529412
30486	0.440	0.62234044	0.5061976	0.47058824
30487	0.440	0.031914894	0.100648165	0.11764706
30488	0.438	0.29787233	0.4985949	0.5294118
30489	0.438	0.11702128	0.25370094	0.29411766
30490	0.438	0.053191487	0.06731493	0.05882353
30491	0.438	0.20212768	0.26059148	0.29411766
30492	0.438	0.39361706	0.4625174	0.47058824
30493	0.438	0.21276596	0.26433694	0.29411766
30494	0.438	0.015957447	0.050324082	0.05882353
30495	0.438	0.10106384	0.1314705	0.11764706
30496	0.438	0.05851064	0.20230588	0.29411766
30497	0.438	0.10638297	0.26362744	0.29411766
30498	0.438	0.09574468	0.27212384	0.3529412
30499	0.438	0.07446808	0.22438145	0.29411766
30500	0.434	0.21276596	0.23790222	0.23529412
30501	0.433	0.026595745	0.08831953	0.11764706
30502	0.420	0.10638297	0.21570548	0.23529412
30503	0.420	0.2606383	0.3893793	0.4117647
30504	0.420	0.24468085	0.2562144	0.23529412
30505	0.420	0.3670213	0.4640216	0.47058824
30506	0.420	0.0	0.0	0.0
30507	0.420	0.031914894	0.062491916	0.05882353
30508	0.420	0.101063825	0.20499563	0.23529412
30509	0.417	0.021276597	0.056427848	0.05882353
30510	0.417	0.29787233	0.29709637	0.29411766
30511	0.417	0.11170213	0.32122564	0.4117647
30512	0.417	0.14893617	0.10974033	0.11764706
30513	0.417	0.48404256	0.72309095	0.7647059
30514	0.417	0.101063825	0.24069548	0.29411766
30515	0.417	0.13297872	0.38387835	0.47058824
30516	0.417	0.122340426	0.24754678	0.23529412
30517	0.417	0.28723404	0.24687457	0.23529412
30518	0.417	0.0	0.0	0.0
30519	0.417	0.05851064	0.12256294	0.11764706
30520	0.417	0.19148935	0.22013544	0.23529412
30521	0.417	0.23404256	0.2654771	0.29411766
30522	0.417	0.11170212	0.22180925	0.23529412
30523	0.417	0.6914894	0.6719086	0.7058824
30524	0.408	0.13829787	0.19833328	0.1764706
30525	0.407	0.17021278	0.16616818	0.1764706
30526	0.407	0.10106384	0.20038942	0.23529412
30527	0.406	0.015957447	0.050324082	0.05882353
30528	0.404	0.090425536	0.12540644	0.11764706
30529	0.404	0.13297874	0.25969425	0.3529412
30530	0.404	0.14361702	0.33152753	0.3529412
30531	0.400	0.06382979	0.10531038	0.11764706
30532	0.400	0.11170213	0.23779982	0.23529412
30533	0.400	0.0	0.0	0.0
30534	0.400	0.09574468	0.18747574	0.1764706
30535	0.400	0.08510639	0.16599654	0.1764706
30536	0.400	0.18617022	0.2360553	0.29411766
30537	0.400	0.15957448	0.12817274	0.11764706
30538	0.400	0.4893617	0.48599586	0.47058824
30539	0.400	0.47340426	0.6850955	0.7058824
30540	0.400	0.13297874	0.25969425	0.3529412
30541	0.396	0.18085107	0.16991363	0.1764706
30542	0.396	0.4680851	0.46788824	0.47058824
30543	0.396	0.05319149	0.13848281	0.1764706
30544	0.396	0.10638298	0.25740257	0.29411766
30545	0.396	0.18085107	0.18214	0.1764706
30546	0.396	0.24468085	0.3087742	0.3529412
30547	0.396	0.031914894	0.0944233	0.11764706
30548	0.396	0.25	0.40101224	0.4117647
30549	0.396	0.3138298	0.32889786	0.29411766
30550	0.396	0.21808511	0.22737935	0.23529412
30551	0.396	0.07978724	0.06971701	0.05882353
30552	0.396	0.03723404	0.10675193	0.11764706
30553	0.396	0.75000006	0.8948493	0.9411765
30554	0.396	0.07978724	0.23048522	0.29411766
30555	0.396	0.0	0.0	0.0
30556	0.396	0.0	0.0	0.0
30557	0.395	0.031914894	0.0944233	0.11764706
30558	0.385	0.4574468	0.5568117	0.5882353
30559	0.385	0.0106382985	0.037995446	0.05882353
30560	0.384	0.13297872	0.38387835	0.47058824
30561	0.383	0.35106385	0.5214966	0.5882353
30562	0.383	0.5	0.54761964	0.64705884
30563	0.380	0.031914894	0.062491916	0.05882353
30564	0.380	0.46276596	0.53777444	0.5294118
30565	0.380	0.026595745	0.08831953	0.11764706
30566	0.380	0.2074468	0.4456761	0.47058824
30567	0.380	0.015957447	0.050324082	0.05882353
30568	0.380	0.13297872	0.2923521	0.3529412
30569	0.380	0.021276597	0.056427848	0.05882353
30570	0.375	0.05319149	0.13848281	0.1764706
30571	0.375	0.25	0.20647703	0.1764706
30572	0.375	0.17021278	0.16616818	0.1764706
30573	0.375	0.19148935	0.4433955	0.5294118
30574	0.375	0.14893617	0.33281946	0.3529412
30575	0.375	0.0106382985	0.037995446	0.05882353
30576	0.375	0.042553194	0.10048737	0.11764706
30577	0.375	0.356383	0.37300822	0.3529412
30578	0.375	0.026595745	0.08831953	0.11764706
30579	0.375	0.026595743	0.06007102	0.05882353
30580	0.375	0.04787234	0.14474739	0.1764706
30581	0.375	0.021276597	0.07599089	0.11764706
30582	0.375	0.11702128	0.2437932	0.29411766
30583	0.365	0.16489363	0.14783806	0.1764706
30584	0.365	0.03723404	0.09806647	0.11764706
30585	0.360	0.031914894	0.062491916	0.05882353
30586	0.360	0.20744681	0.30374444	0.3529412
30587	0.360	0.20212768	0.28015453	0.3529412
30588	0.360	0.10106384	0.20038942	0.23529412
30589	0.360	0.24468085	0.21755509	0.23529412
30590	0.360	0.031914894	0.0944233	0.11764706
30591	0.360	0.24468085	0.63992155	0.7647059
30592	0.360	0.18617022	0.17233454	0.1764706
30593	0.360	0.25000003	0.2358852	0.23529412
30594	0.360	0.015957447	0.050324082	0.05882353
30595	0.360	0.026595743	0.06007102	0.05882353
30596	0.360	0.18085107	0.35043624	0.3529412
30597	0.360	0.0106382985	0.037995446	0.05882353
30598	0.354	0.3670213	0.35093364	0.3529412
30599	0.354	0.22340426	0.3396704	0.3529412
30600	0.354	0.07978724	0.06971701	0.05882353
30601	0.354	0.7021277	0.7165631	0.7058824
30602	0.354	0.22340424	0.3883308	0.4117647
30603	0.354	0.101063825	0.20337684	0.23529412
30604	0.354	0.11170213	0.277562	0.3529412
30605	0.354	0.07446808	0.19491066	0.23529412
30606	0.353	0.0106382985	0.037995446	0.05882353
30607	0.352	0.06382979	0.10531038	0.11764706
30608	0.352	0.026595743	0.06007102	0.05882353
30609	0.349	0.32978725	0.27965397	0.29411766
30610	0.346	0.021276597	0.07599089	0.11764706
30611	0.346	0.021276597	0.07599089	0.11764706
30612	0.345	0.101063825	0.19483167	0.23529412
30613	0.340	0.13829787	0.25341827	0.23529412
30614	0.340	0.3351064	0.46066836	0.5294118
30615	0.340	0.031914894	0.062491916	0.05882353
30616	0.340	0.2393617	0.3711077	0.4117647
30617	0.340	0.07978724	0.16357563	0.1764706
30618	0.340	0.37234044	0.3987345	0.4117647
30619	0.340	0.05319149	0.17663907	0.23529412
30620	0.340	0.3829787	0.4685194	0.5294118
30621	0.340	0.2819149	0.3433149	0.3529412
30622	0.340	0.22340426	0.3705938	0.4117647
30623	0.340	0.3457447	0.47113273	0.5294118
30624	0.340	0.3351064	0.3262326	0.3529412
30625	0.340	0.0	0.0	0.0
30626	0.340	0.356383	0.3385027	0.3529412
30627	0.333	0.07978723	0.15563446	0.1764706
30628	0.333	0.069148935	0.10596611	0.11764706
30629	0.333	0.43085107	0.4276805	0.47058824
30630	0.333	0.07446808	0.2330669	0.29411766
30631	0.333	0.26595747	0.38119686	0.4117647
30632	0.333	0.59042555	0.754004	0.7647059
30633	0.333	0.21276595	0.5033253	0.5294118
30634	0.333	0.18085107	0.18460059	0.1764706
30635	0.333	0.2819149	0.49484098	0.5882353
30636	0.327	0.08510637	0.1679631	0.1764706
30637	0.327	0.38829792	0.42624727	0.4117647
30638	0.327	0.5159575	0.5593515	0.5882353
30639	0.327	0.07446808	0.11829475	0.11764706
30640	0.327	0.069148935	0.11763902	0.11764706
30641	0.320	0.069148935	0.11763902	0.11764706
30642	0.320	0.015957447	0.050324082	0.05882353
30643	0.320	0.21808511	0.26675782	0.29411766
30644	0.320	0.4787234	0.40311447	0.3529412
30645	0.320	0.11702128	0.21372597	0.23529412
30646	0.320	0.18085107	0.38737023	0.4117647
30647	0.320	0.06382979	0.10531038	0.11764706
30648	0.320	0.5265958	0.49279666	0.5294118
30649	0.320	0.015957447	0.050324082	0.05882353
30650	0.320	0.0	0.0	0.0
30651	0.320	0.05319149	0.18997724	0.29411766
30652	0.320	0.11170213	0.3593819	0.47058824
30653	0.320	0.031914894	0.062491916	0.05882353
30654	0.312	0.3031915	0.2318093	0.23529412
30655	0.312	0.18617022	0.21049078	0.23529412
30656	0.312	0.021276597	0.056427848	0.05882353
30657	0.312	0.0106382985	0.037995446	0.05882353
30658	0.312	0.41489363	0.31843445	0.29411766
30659	0.312	0.11702127	0.10891123	0.11764706
30660	0.312	0.28723404	0.34017652	0.3529412
30661	0.312	0.06382979	0.16682296	0.1764706
30662	0.312	0.021276597	0.07599089	0.11764706
30663	0.312	0.06382979	0.186386	0.23529412
30664	0.311	0.10106384	0.248252	0.29411766
30665	0.308	0.14893617	0.28121465	0.29411766
30666	0.304	0.35106385	0.36433032	0.4117647
30667	0.300	0.05319149	0.10350462	0.11764706
30668	0.300	0.4787234	0.40311447	0.3529412
30669	0.300	0.28723404	0.36842504	0.4117647
30670	0.294	0.021276597	0.056427848	0.05882353
30671	0.292	0.2606383	0.34641248	0.3529412
30672	0.292	0.06382979	0.16682296	0.1764706
30673	0.292	0.39893615	0.38506666	0.4117647
30674	0.292	0.0106382985	0.037995446	0.05882353
30675	0.292	0.24468085	0.3978863	0.5294118
30676	0.292	0.22340426	0.24877809	0.23529412
30677	0.292	0.09574468	0.23592338	0.29411766
30678	0.292	0.0106382985	0.037995446	0.05882353
30679	0.292	0.18085107	0.16991363	0.1764706
30680	0.292	0.18085107	0.18214	0.1764706
30681	0.292	0.0	0.0	0.0
30682	0.292	0.20212765	0.22634149	0.23529412
30683	0.288	0.015957447	0.050324082	0.05882353
30684	0.288	0.122340426	0.24024166	0.23529412
30685	0.280	0.031914894	0.11398634	0.1764706
30686	0.280	0.0106382985	0.037995446	0.05882353
30687	0.280	0.2393617	0.22914529	0.23529412
30688	0.280	0.0	0.0	0.0
30689	0.280	0.37765956	0.4724043	0.47058824
30690	0.280	0.21276595	0.40330273	0.4117647
30691	0.279	0.27659574	0.5251053	0.5294118
30692	0.274	0.05851064	0.17405736	0.23529412
30693	0.271	0.026595743	0.06007102	0.05882353
30694	0.271	0.09574468	0.225632	0.23529412
30695	0.271	0.0106382985	0.037995446	0.05882353
30696	0.271	0.3138298	0.45730123	0.5294118
30697	0.271	0.13829787	0.2499381	0.23529412
30698	0.271	0.18617022	0.3588692	0.4117647
30699	0.271	0.08510639	0.25246918	0.3529412
30700	0.271	0.36170214	0.41455212	0.47058824
30701	0.271	0.06382979	0.17647827	0.23529412
30702	0.269	0.0106382985	0.037995446	0.05882353
30703	0.263	0.026595743	0.06007102	0.05882353
30704	0.262	0.021276597	0.056427848	0.05882353
30705	0.260	0.0	0.0	0.0
30706	0.260	0.25531915	0.26404363	0.23529412
30707	0.260	0.06382979	0.10531038	0.11764706
30708	0.259	0.042553194	0.10048737	0.11764706
30709	0.250	0.04787234	0.10221267	0.11764706
30710	0.250	0.34042555	0.32987577	0.3529412
30711	0.250	0.10638297	0.243954	0.29411766
30712	0.250	0.34042555	0.32987577	0.3529412
30713	0.250	0.2712766	0.39779353	0.47058824
30714	0.250	0.16489363	0.14783806	0.1764706
30715	0.250	0.40957445	0.6600898	0.7058824
30716	0.250	0.031914894	0.062491916	0.05882353
30717	0.250	0.20744681	0.39568296	0.47058824
30718	0.250	0.45212767	0.6772729	0.88235295
30719	0.250	0.18085107	0.325304	0.3529412
30720	0.250	0.031914894	0.0944233	0.11764706
30721	0.245	0.08510639	0.17590427	0.1764706
30722	0.240	0.5531915	0.48047748	0.47058824
30723	0.240	0.2606383	0.34641248	0.3529412
30724	0.240	0.021276597	0.07599089	0.11764706
30725	0.240	0.27659574	0.46215284	0.47058824
30726	0.237	0.05851064	0.15081145	0.1764706
30727	0.235	0.05851064	0.15081145	0.1764706
30728	0.231	0.06382979	0.186386	0.23529412
30729	0.231	0.042553194	0.15198179	0.23529412
30730	0.231	0.05851064	0.18896769	0.23529412
30731	0.231	0.026595745	0.08831953	0.11764706
30732	0.229	0.11702128	0.17646894	0.1764706
30733	0.229	0.021276597	0.056427848	0.05882353
30734	0.229	0.14893617	0.33281946	0.3529412
30735	0.229	0.11702128	0.31813914	0.4117647
30736	0.229	0.09574468	0.2808093	0.3529412
30737	0.229	0.0106382985	0.037995446	0.05882353
30738	0.229	0.20212765	0.3734294	0.4117647
30739	0.229	0.26595747	0.38119686	0.4117647
30740	0.227	0.05319149	0.18997724	0.29411766
30741	0.225	0.6808511	0.71822935	0.7647059
30742	0.220	0.20212765	0.42274413	0.47058824
30743	0.220	0.0106382985	0.037995446	0.05882353
30744	0.220	0.07446808	0.20113552	0.23529412
30745	0.212	0.026595745	0.08831953	0.11764706
30746	0.212	0.015957447	0.050324082	0.05882353
30747	0.212	0.053191487	0.14839056	0.1764706
30748	0.208	0.031914894	0.11398634	0.1764706
30749	0.208	0.0	0.0	0.0
30750	0.208	0.3670213	0.2993288	0.29411766
30751	0.208	0.11170213	0.27963895	0.29411766
30752	0.208	0.13829787	0.19833328	0.1764706
30753	0.208	0.47340426	0.5745986	0.5294118
30754	0.208	0.021276597	0.07599089	0.11764706
30755	0.208	0.05851064	0.15449432	0.1764706
30756	0.208	0.14361702	0.35546905	0.4117647
30757	0.207	0.15957448	0.12817274	0.11764706
30758	0.204	0.356383	0.43436006	0.47058824
30759	0.200	0.27659574	0.33933896	0.3529412
30760	0.200	0.26595744	0.4090446	0.47058824
30761	0.200	0.4148936	0.5158499	0.47058824
30762	0.192	0.41489363	0.48186707	0.5294118
30763	0.189	0.05851064	0.16071919	0.1764706
30764	0.188	0.08510639	0.23290612	0.29411766
30765	0.188	0.05851064	0.15081145	0.1764706
30766	0.188	0.3829787	0.4390486	0.47058824
30767	0.188	0.16489363	0.3178565	0.3529412
30768	0.180	0.0106382985	0.037995446	0.05882353
30769	0.180	0.53191495	0.62443805	0.64705884
30770	0.180	0.0	0.0	0.0
30771	0.180	0.3244681	0.43698418	0.47058824
30772	0.179	0.35106385	0.33239895	0.3529412
30773	0.173	0.36170214	0.5374163	0.5294118
30774	0.167	0.3351064	0.7087188	0.8235294
30775	0.167	0.27659574	0.35862777	0.3529412
30776	0.167	0.053191487	0.14839056	0.1764706
30777	0.167	0.52127665	0.57690656	0.5882353
30778	0.161	0.07446808	0.14330582	0.1764706
30779	0.160	0.2712766	0.39973325	0.47058824
30780	0.160	0.2606383	0.4764895	0.5294118
30781	0.160	0.015957447	0.050324082	0.05882353
30782	0.160	0.43617022	0.5147461	0.5294118
30783	0.154	0.09574468	0.16603713	0.1764706
30784	0.148	0.2287234	0.26537478	0.29411766
30785	0.146	0.0106382985	0.037995446	0.05882353
30786	0.146	0.069148935	0.18880689	0.23529412
30787	0.146	0.2287234	0.30109945	0.29411766
30788	0.146	0.5744681	0.60210437	0.64705884
30789	0.146	0.021276597	0.07599089	0.11764706
30790	0.146	0.3829787	0.44027087	0.47058824
30791	0.144	0.65425533	0.61872804	0.64705884
30792	0.140	0.19148935	0.2102277	0.23529412
30793	0.140	0.18085107	0.16991363	0.1764706
30794	0.139	0.11170213	0.21326408	0.23529412
30795	0.135	0.21808511	0.3851714	0.4117647
30796	0.131	0.05851064	0.15081145	0.1764706
30797	0.125	0.021276597	0.056427848	0.05882353
30798	0.125	0.2712766	0.39779353	0.47058824
30799	0.125	0.0106382985	0.037995446	0.05882353
30800	0.120	0.13829787	0.07174488	0.05882353
30801	0.120	0.49468085	0.8342189	0.8235294
30802	0.104	0.14361702	0.268886	0.29411766
30803	0.104	0.015957447	0.050324082	0.05882353
30804	0.104	0.3457447	0.30404815	0.29411766
30805	0.104	0.24468085	0.4864557	0.5294118
30806	0.104	0.3457447	0.41856125	0.4117647
30807	0.100	0.14361702	0.34005392	0.4117647
30808	0.100	0.21808511	0.25195795	0.23529412
30809	0.100	0.053191487	0.06731493	0.05882353
30810	0.100	0.10638297	0.25862485	0.29411766
30811	0.096	0.07978724	0.23917067	0.29411766
30812	0.083	0.07446808	0.14330582	0.1764706
30813	0.083	0.0	0.0	0.0
30814	0.075	0.3457447	0.30404815	0.29411766
30815	0.062	0.03723404	0.09806647	0.11764706
30816	0.062	0.0	0.0	0.0
30817	0.060	0.2393617	0.36250314	0.3529412
30818	0.058	0.14893617	0.24502495	0.23529412
30819	0.040	0.07446808	0.14330582	0.1764706
30820	0.040	0.38829786	0.44930026	0.5294118
30821	0.020	0.09574468	0.19973367	0.23529412
30822	0.019	0.015957447	0.050324082	0.05882353
30823	0.312	0.15957448	0.14773577	0.1764706
30824	0.700	0.05319149	0.15085116	0.1764706
30825	0.580	0.042553194	0.112855695	0.11764706
30826	0.438	0.090425536	0.1653814	0.1764706
30827	0.936	0.35106385	0.368578	0.3529412
30828	0.792	0.36170214	0.4065734	0.4117647
30829	0.167	0.2925532	0.18158749	0.1764706
30830	0.100	0.14893617	0.28121465	0.29411766
30831	0.200	0.0	0.0	0.0
30832	0.229	0.48404256	0.49828386	0.47058824
30833	0.540	0.0	0.0	0.0
30834	0.245	0.21276596	0.24709249	0.23529412
30835	0.646	0.090425536	0.16239397	0.1764706
30836	0.646	0.09574468	0.225632	0.23529412
30837	0.260	0.042553194	0.06550917	0.05882353
30838	0.250	0.4574468	0.4385359	0.4117647
30839	0.583	0.10638297	0.25862485	0.29411766
30840	0.420	0.015957447	0.050324082	0.05882353
30841	0.708	0.82978725	0.78134465	0.7647059
30842	0.769	0.5159574	0.38313922	0.3529412
30843	0.229	0.11702128	0.2437932	0.29411766
30844	0.312	0.021276597	0.07599089	0.11764706
30845	0.292	0.06382979	0.12498383	0.11764706
30846	0.460	0.05319149	0.13848281	0.1764706
30847	0.292	0.021276597	0.07599089	0.11764706
30848	0.583	0.015957447	0.050324082	0.05882353
30849	0.896	0.3829787	0.5816699	0.64705884
30850	0.333	0.17021278	0.31110814	0.3529412
30851	0.812	0.0106382985	0.037995446	0.05882353
30852	0.521	0.12765957	0.26845044	0.29411766
30853	0.804	0.27659574	0.31730402	0.3529412
30854	0.625	0.11702128	0.20504051	0.23529412
30855	0.604	0.20212765	0.22634149	0.23529412
30856	0.423	0.21276596	0.26433694	0.29411766
30857	0.180	0.3670213	0.35093364	0.3529412
30858	0.708	0.2712766	0.31488314	0.3529412
30859	0.380	0.05851064	0.20230588	0.29411766
30860	0.620	0.2819149	0.42048424	0.47058824
30861	0.320	0.0106382985	0.037995446	0.05882353
30862	0.788	0.20744681	0.29851556	0.29411766
30863	0.729	0.19148935	0.20790908	0.23529412
30864	0.208	0.17021278	0.18573123	0.23529412
30865	0.712	0.10638297	0.16900405	0.1764706
30866	0.688	0.14893617	0.40963683	0.47058824
30867	0.660	0.55851066	0.52779126	0.47058824
30868	0.519	0.042553194	0.13241875	0.1764706
30869	0.280	0.2074468	0.4180133	0.4117647
30870	0.380	0.29787233	0.40637013	0.4117647
30871	0.396	0.0106382985	0.037995446	0.05882353
30872	0.354	0.0106382985	0.037995446	0.05882353
30873	0.220	0.20212765	0.2226586	0.23529412
30874	0.519	0.026595745	0.08831953	0.11764706
30875	0.479	0.026595745	0.08831953	0.11764706
30876	0.625	0.031914894	0.11398634	0.1764706
30877	0.340	0.4893617	0.54058814	0.5294118
30878	0.038	0.4787234	0.5025926	0.47058824
30879	0.680	0.18617022	0.18824376	0.1764706
30880	0.460	0.0	0.0	0.0
30881	0.080	0.38829786	0.5464287	0.5882353
30882	0.700	0.14361702	0.26388925	0.29411766
30883	0.538	0.04787234	0.112816	0.11764706
30884	0.100	0.08510639	0.1979279	0.23529412
30885	0.404	0.23404256	0.23722856	0.23529412
30886	0.458	0.15425533	0.10984261	0.11764706
30887	0.521	0.37765956	0.3468666	0.3529412
30888	0.625	0.10106384	0.12614487	0.11764706
30889	0.396	0.3138298	0.33519408	0.3529412
30890	0.354	0.0106382985	0.037995446	0.05882353
30891	0.423	0.10638298	0.21804592	0.23529412
30892	0.583	0.0106382985	0.037995446	0.05882353
30893	0.896	0.2287234	0.23712629	0.23529412
30894	0.760	0.19148935	0.20790908	0.23529412
30895	0.646	0.18085107	0.16991363	0.1764706
30896	0.708	0.30851063	0.62256956	0.64705884
30897	0.580	0.30851063	0.62256956	0.64705884
30898	0.170	0.08510639	0.16173823	0.1764706
30899	0.396	0.021276597	0.056427848	0.05882353
30900	0.156	0.021276597	0.056427848	0.05882353
30901	0.704	0.11702128	0.16778348	0.1764706
30902	0.583	0.20744681	0.24832544	0.29411766
30903	0.500	0.08510639	0.2514993	0.29411766
30904	0.860	0.021276597	0.07599089	0.11764706
30905	0.521	0.069148935	0.1538287	0.1764706
30906	0.042	0.15425532	0.38870135	0.47058824
30907	0.417	0.09574468	0.16780229	0.1764706
30908	0.160	0.4893617	0.75023884	0.8235294
30909	0.750	0.0106382985	0.037995446	0.05882353
30910	0.688	0.021276597	0.07599089	0.11764706
30911	0.340	0.18617022	0.17233454	0.1764706
30912	0.258	0.18617022	0.17233454	0.1764706
30913	0.688	0.22340426	0.23774143	0.23529412
30914	0.712	0.021276597	0.07599089	0.11764706
30915	0.333	0.0106382985	0.037995446	0.05882353
30916	0.833	0.47340426	0.5444425	0.5882353
30917	0.396	0.14893617	0.2622068	0.29411766
30918	0.521	0.08510639	0.119302675	0.11764706
30919	0.880	0.21276596	0.29858693	0.3529412
30920	0.520	0.031914894	0.0944233	0.11764706
30921	0.250	0.5744681	0.67700344	0.7058824
30922	0.846	0.09574468	0.19973367	0.23529412
30923	0.729	0.393617	0.35121423	0.3529412
30924	0.360	0.22340426	0.17882122	0.1764706
30925	0.854	0.08510639	0.21456534	0.23529412
30926	0.640	0.05851064	0.15449432	0.1764706
30927	0.604	0.021276597	0.07599089	0.11764706
30928	0.292	0.17021278	0.18573123	0.23529412
30929	0.354	0.11702127	0.17262532	0.1764706
30930	0.354	0.11702127	0.17262532	0.1764706
30931	0.320	0.20744681	0.39568296	0.47058824
30932	0.200	0.03723404	0.12631498	0.1764706
30933	0.660	0.37234044	0.33722198	0.3529412
30934	0.833	0.08510639	0.18130128	0.23529412
30935	0.625	0.07446808	0.14330582	0.1764706
30936	0.292	0.12765957	0.24681044	0.29411766
30937	0.614	0.021276597	0.056427848	0.05882353
30938	0.562	0.42021278	0.42410806	0.4117647
30939	0.438	0.0106382985	0.037995446	0.05882353
30940	0.875	0.38829786	0.47041893	0.47058824
30941	0.438	0.090425536	0.1449695	0.1764706
30942	0.773	0.18617022	0.21049078	0.23529412
30943	0.669	0.17553192	0.17249534	0.1764706
30944	0.312	0.3670213	0.33551848	0.3529412
30945	0.938	0.6170213	0.8132545	0.8235294
30946	0.708	0.606383	0.775259	0.7647059
30947	0.667	0.07978724	0.23048522	0.29411766
30948	0.635	0.069148935	0.19248977	0.23529412
30949	0.438	0.10638297	0.2254712	0.23529412
30950	0.442	0.015957447	0.050324082	0.05882353
30951	0.500	0.32978725	0.4885074	0.47058824
30952	0.660	0.07978724	0.06971701	0.05882353
30953	0.900	0.44148937	0.5260288	0.5882353
30954	0.792	0.39893615	0.4255415	0.47058824
30955	0.827	0.15425533	0.25027984	0.29411766
30956	0.780	0.14361702	0.21228442	0.23529412
30957	0.620	0.65425533	0.74345815	0.7058824
30958	0.292	0.3829787	0.45030987	0.47058824
30959	0.288	0.05851064	0.18274283	0.23529412
30960	0.667	0.46276596	0.5505253	0.5882353
30961	0.820	0.11702128	0.2437932	0.29411766
30962	0.542	0.10638297	0.20579775	0.23529412
30963	0.688	0.0106382985	0.037995446	0.05882353
30964	0.667	0.06382979	0.10531038	0.11764706
30965	0.300	0.06382979	0.10531038	0.11764706
30966	0.216	0.30851066	0.4935098	0.5294118
30967	0.750	0.05319149	0.1704142	0.23529412
30968	0.654	0.0	0.0	0.0
30969	0.646	0.042553194	0.10048737	0.11764706
30970	0.417	0.9787234	0.81446207	0.7647059
30971	0.317	0.13297872	0.2641036	0.29411766
30972	0.536	0.35106385	0.59045625	0.64705884
30973	0.226	0.042553186	0.1103951	0.11764706
30974	0.500	0.2819149	0.43958226	0.47058824
30975	0.780	0.14893617	0.10974033	0.11764706
30976	0.660	0.3670213	0.41473538	0.4117647
30977	0.500	0.08510637	0.18263395	0.1764706
30978	0.236	0.08510637	0.18263395	0.1764706
30979	0.340	0.18617022	0.2360553	0.29411766
30980	0.288	0.31914896	0.32599312	0.29411766
30981	0.188	0.31914896	0.32599312	0.29411766
30982	0.519	0.44680852	0.47316423	0.47058824
30983	0.458	0.20744681	0.31275296	0.3529412
30984	0.120	0.021276597	0.07599089	0.11764706
30985	0.729	0.08510637	0.12980685	0.11764706
30986	0.520	0.11702127	0.2437932	0.29411766
30987	0.780	0.16489363	0.31253085	0.3529412
30988	0.481	0.04787234	0.14474739	0.1764706
30989	0.333	0.2287234	0.36247256	0.47058824
30990	0.229	0.2287234	0.36247256	0.47058824
30991	0.583	0.06382979	0.10531038	0.11764706
30992	0.357	0.101063825	0.30647612	0.4117647
30993	0.635	0.03723404	0.12631498	0.1764706
30994	0.060	0.2287234	0.26537478	0.29411766
30995	0.300	0.29787233	0.35766092	0.4117647
30996	0.260	0.031914894	0.0944233	0.11764706
30997	0.780	0.03723404	0.09806647	0.11764706
30998	0.852	0.3138298	0.34545386	0.3529412
30999	0.330	0.3031915	0.52276784	0.64705884
31000	0.192	0.090425536	0.24891762	0.29411766
31001	0.604	0.12765957	0.2315057	0.23529412
31002	0.333	0.03723404	0.12631498	0.1764706
31003	0.333	0.015957447	0.050324082	0.05882353
31004	0.731	0.05851064	0.16071919	0.1764706
31005	0.600	0.05851064	0.16071919	0.1764706
31006	0.812	0.15957446	0.3192101	0.3529412
31007	0.354	0.021276597	0.056427848	0.05882353
31008	0.625	0.55851066	0.5140148	0.47058824
31009	0.580	0.12765957	0.18621589	0.1764706
31010	0.320	0.34042555	0.28380018	0.29411766
31011	0.820	0.3670213	0.40250903	0.4117647
31012	0.560	0.0	0.0	0.0
31013	0.880	0.37234044	0.44051257	0.4117647
31014	0.820	0.3829787	0.47850806	0.47058824
31015	0.146	0.015957447	0.050324082	0.05882353
31016	0.458	0.0	0.0	0.0
31017	0.500	0.22340426	0.3365824	0.4117647
31018	0.312	0.04787234	0.14474739	0.1764706
31019	0.540	0.10638298	0.2518952	0.29411766
31020	0.771	0.21808511	0.24473418	0.23529412
31021	0.458	0.031914894	0.062491916	0.05882353
31022	0.250	0.13829787	0.19712178	0.1764706
31023	0.583	0.20744681	0.35001	0.4117647
31024	0.320	0.021276597	0.07599089	0.11764706
31025	0.246	0.23404256	0.31708193	0.3529412
31026	0.231	0.60106385	0.6305768	0.64705884
31027	0.440	0.23404256	0.31001946	0.3529412
31028	0.577	0.393617	0.3971907	0.4117647
31029	0.180	0.2925532	0.18158749	0.1764706
31030	0.740	0.10106384	0.1314705	0.11764706
31031	0.040	0.06382979	0.186386	0.23529412
31032	0.062	0.0106382985	0.037995446	0.05882353
31033	0.800	0.20212765	0.3639951	0.4117647
31034	0.708	0.19148935	0.32599965	0.3529412
31035	0.520	0.069148935	0.22696313	0.29411766
31036	0.921	0.0106382985	0.037995446	0.05882353
31037	0.885	0.0	0.0	0.0
31038	0.688	0.15425533	0.10984261	0.11764706
31039	0.577	0.44148937	0.5250429	0.5294118
31040	0.354	0.07446808	0.26596814	0.4117647
31041	0.292	0.1968085	0.22255634	0.23529412
31042	0.590	0.101063825	0.30647612	0.4117647
31043	0.500	0.021276597	0.07599089	0.11764706
31044	0.417	0.0106382985	0.037995446	0.05882353
31045	0.271	0.05319149	0.1704142	0.23529412
31046	0.312	0.07978724	0.23048522	0.29411766
31047	0.904	0.2074468	0.17715754	0.1764706
31048	0.169	0.08510639	0.22325079	0.23529412
31049	0.604	0.5053191	0.55514777	0.5882353
31050	0.520	0.49468085	0.51715225	0.5294118
31051	0.562	0.4574468	0.32208887	0.29411766
31052	0.712	0.3138298	0.26980475	0.29411766
31053	0.646	0.026595745	0.08831953	0.11764706
31054	0.792	0.3244681	0.24176082	0.23529412
31055	0.660	0.25531915	0.27946937	0.29411766
31056	0.605	0.26595747	0.3174648	0.3529412
31057	0.090	0.042553194	0.10048737	0.11764706
31058	0.479	0.15425533	0.10984261	0.11764706
31059	0.208	0.08510639	0.13101834	0.11764706
31060	0.680	0.04787234	0.14474739	0.1764706
31061	0.354	0.04787234	0.14474739	0.1764706
31062	0.750	0.05851064	0.17405736	0.23529412
31063	0.520	0.04787234	0.13606192	0.1764706
31064	0.979	0.2925532	0.56909406	0.64705884
31065	0.288	0.042553194	0.10048737	0.11764706
31066	0.160	0.2287234	0.17945735	0.1764706
31067	0.660	0.14893617	0.30568868	0.3529412
31068	0.020	0.06382979	0.19507146	0.23529412
31069	0.532	0.13829787	0.337633	0.4117647
31070	0.404	0.16489363	0.16006441	0.1764706
31071	0.500	0.2393617	0.22914529	0.23529412
31072	0.438	0.2287234	0.25488186	0.23529412
31073	0.692	0.021276597	0.07599089	0.11764706
31074	0.458	0.5	0.5280566	0.5882353
31075	0.417	0.031914894	0.062491916	0.05882353
31076	0.769	0.06382979	0.186386	0.23529412
31077	0.595	0.44148937	0.7144309	0.8235294
31078	0.560	0.45212767	0.7524264	0.88235295
31079	0.250	0.16489363	0.16006441	0.1764706
31080	0.404	0.18617022	0.40130478	0.47058824
31081	0.763	0.2925532	0.37949482	0.4117647
31082	0.304	0.20744681	0.30374444	0.3529412
31083	0.654	0.22340426	0.33823633	0.3529412
31084	0.396	0.34042555	0.2684736	0.23529412
31085	0.164	0.2712766	0.29850134	0.29411766
31086	0.076	0.2712766	0.29850134	0.29411766
31087	0.396	0.05851064	0.12256294	0.11764706
31088	0.385	0.03723404	0.09806647	0.11764706
31089	0.625	0.19148935	0.20790908	0.23529412
31090	0.729	0.3829787	0.33166414	0.29411766
31091	0.646	0.3829787	0.33166414	0.29411766
31092	0.780	0.3670213	0.33711967	0.3529412
31093	0.720	0.021276597	0.07599089	0.11764706
31094	0.271	0.22340426	0.31455874	0.3529412
31095	0.775	0.0106382985	0.037995446	0.05882353
31096	0.442	0.13297872	0.2855422	0.29411766
31097	0.396	0.22340426	0.17882122	0.1764706
31098	0.300	0.3138298	0.45118675	0.47058824
31099	0.680	0.18617022	0.17233454	0.1764706
31100	0.720	0.37234044	0.34516317	0.3529412
31101	0.521	0.19148935	0.20790908	0.23529412
31102	0.346	0.069148935	0.16055839	0.1764706
31103	0.189	0.05851064	0.12256294	0.11764706
31104	0.820	0.0106382985	0.037995446	0.05882353
31105	0.365	0.24468085	0.33036974	0.3529412
31106	0.320	0.026595745	0.08831953	0.11764706
31107	0.833	0.021276597	0.07599089	0.11764706
31108	0.667	0.021276597	0.07599089	0.11764706
31109	0.729	0.22340426	0.6045475	0.7058824
31110	0.560	0.46276596	0.6736004	0.7058824
31111	0.227	0.05319149	0.18997724	0.29411766
31112	0.604	0.26595747	0.27752382	0.29411766
31113	0.229	0.101063825	0.2549817	0.29411766
31114	0.604	0.0106382985	0.037995446	0.05882353
31115	0.792	0.0	0.0	0.0
31116	0.740	0.0	0.0	0.0
31117	0.667	0.08510639	0.20027913	0.23529412
31118	0.375	0.21808511	0.32447714	0.4117647
31119	0.312	0.042553194	0.10048737	0.11764706
31120	0.729	0.090425536	0.10771246	0.11764706
31121	0.613	0.090425536	0.10771246	0.11764706
31122	0.860	0.13297872	0.27881253	0.29411766
31123	0.917	0.39893615	0.45191652	0.47058824
31124	0.673	0.0	0.0	0.0
31125	0.938	0.46276596	0.62232924	0.7058824
31126	0.396	0.11170213	0.26104575	0.29411766
31127	0.646	0.2287234	0.48467946	0.5294118
31128	0.897	0.40425536	0.40571538	0.4117647
31129	0.854	0.40425536	0.40571538	0.4117647
31130	0.714	0.0106382985	0.037995446	0.05882353
31131	0.792	0.46276596	0.51087725	0.5294118
31132	0.521	0.05319149	0.15085116	0.1764706
31133	0.120	0.042553194	0.112855695	0.11764706
31134	0.893	0.11170213	0.28929424	0.3529412
31135	0.923	0.08510639	0.16173823	0.1764706
31136	0.646	0.07446808	0.12374278	0.11764706
31137	0.080	0.09574468	0.21502866	0.23529412
31138	0.020	0.12765957	0.27752057	0.29411766
31139	0.708	0.13829787	0.26769322	0.29411766
31140	0.688	0.13829787	0.26769322	0.29411766
31141	0.481	0.40957445	0.53488415	0.5882353
31142	0.660	0.15957446	0.39234453	0.47058824
31143	0.660	0.2287234	0.33422408	0.4117647
31144	0.167	0.2393617	0.42390528	0.47058824
31145	0.154	0.069148935	0.18880689	0.23529412
31146	0.385	0.18085107	0.17223224	0.1764706
31147	0.312	0.17021278	0.1342368	0.11764706
31148	0.821	0.031914894	0.11398634	0.1764706
31149	0.500	0.0106382985	0.037995446	0.05882353
31150	0.458	0.0106382985	0.037995446	0.05882353
31151	0.604	0.09574468	0.2513385	0.29411766
31152	0.623	0.3351064	0.5413545	0.5882353
31153	0.365	0.30319148	0.47886258	0.5294118
31154	0.491	0.2393617	0.2947952	0.29411766
31155	0.854	0.07978724	0.10697404	0.11764706
31156	0.750	0.07978724	0.10697404	0.11764706
31157	0.340	0.07446808	0.14330582	0.1764706
31158	0.438	0.25531915	0.41385838	0.4117647
31159	0.625	0.09574468	0.21389972	0.23529412
31160	0.896	0.0106382985	0.037995446	0.05882353
31161	0.220	0.015957447	0.050324082	0.05882353
31162	0.500	0.06382979	0.186386	0.23529412
31163	0.417	0.07446808	0.22438145	0.29411766
31164	0.896	0.05851064	0.115833245	0.11764706
31165	0.500	0.10106384	0.1457079	0.1764706
31166	0.583	0.2712766	0.3415091	0.3529412
31167	0.292	0.10106384	0.1457079	0.1764706
31168	0.509	0.2712766	0.39973325	0.47058824
31169	0.462	0.05851064	0.16071919	0.1764706
31170	0.900	0.9468085	0.81305397	0.7647059
31171	0.760	0.29787233	0.6643171	0.7647059
31172	0.688	0.29787233	0.6643171	0.7647059
31173	0.680	0.29787233	0.6643171	0.7647059
31174	0.400	0.17553192	0.4843657	0.5882353
31175	0.300	0.04787234	0.14474739	0.1764706
31176	0.312	0.37234044	0.3923677	0.4117647
31177	0.333	0.05319149	0.15085116	0.1764706
31178	0.260	0.042553194	0.112855695	0.11764706
31179	0.788	0.10638297	0.22364666	0.23529412
31180	0.080	0.40957445	0.5581217	0.5882353
31181	0.080	0.03723404	0.09806647	0.11764706
31182	0.292	0.0106382985	0.037995446	0.05882353
31183	0.188	0.0106382985	0.037995446	0.05882353
31184	0.583	0.07978724	0.10697404	0.11764706
31185	0.458	0.18617022	0.28588584	0.29411766
31186	0.200	0.18617022	0.28588584	0.29411766
31187	0.340	0.0	0.0	0.0
31188	0.600	0.3244681	0.41483632	0.4117647
31189	0.667	0.17553192	0.25344813	0.23529412
31190	0.280	0.18085107	0.13725404	0.11764706
31191	0.479	0.042553194	0.13241875	0.1764706
31192	0.439	0.042553194	0.13241875	0.1764706
31193	0.731	0.14893617	0.2851776	0.3529412
31194	0.842	0.25531915	0.29280755	0.3529412
31195	0.646	0.19148934	0.20072263	0.1764706
31196	0.780	0.031914894	0.11398634	0.1764706
31197	0.729	0.07978723	0.15563446	0.1764706
31198	0.625	0.40425536	0.40143606	0.4117647
31199	0.320	0.40425536	0.40143606	0.4117647
31200	0.182	0.21808511	0.25134268	0.29411766
31201	0.688	0.23404256	0.42452043	0.47058824
31202	0.750	0.4787234	0.50426704	0.5294118
31203	0.431	0.17553192	0.16627046	0.1764706
31204	0.833	0.356383	0.35072905	0.3529412
31205	0.820	0.3670213	0.3887245	0.4117647
31206	0.600	0.053191487	0.14839056	0.1764706
31207	0.560	0.0	0.0	0.0
31208	0.820	0.18617022	0.13735634	0.11764706
31209	0.212	0.42553192	0.4714367	0.47058824
31210	0.544	0.04787234	0.16431043	0.23529412
31211	0.438	0.122340426	0.33719742	0.4117647
31212	0.980	0.5265958	0.5843318	0.5882353
31213	0.688	0.3351064	0.47557282	0.5294118
31214	0.402	0.24468085	0.28390947	0.29411766
31215	0.460	0.07978724	0.20723929	0.23529412
31216	0.300	0.03723404	0.10675193	0.11764706
31217	0.780	0.06382979	0.10531038	0.11764706
31218	0.920	0.03723404	0.09806647	0.11764706
31219	0.542	0.21808511	0.17871892	0.1764706
31220	0.417	0.06382979	0.16314007	0.1764706
31221	0.540	0.07978723	0.15563446	0.1764706
31222	0.654	0.11170213	0.13220893	0.11764706
31223	0.312	0.17021278	0.252854	0.23529412
31224	0.625	0.18617022	0.17233454	0.1764706
31225	0.462	0.04787234	0.16431043	0.23529412
31226	0.750	0.16489363	0.28827533	0.3529412
31227	0.540	0.55851066	0.5556539	0.5882353
31228	0.800	0.22340426	0.22748163	0.23529412
31229	0.250	0.44148937	0.5457023	0.5882353
31230	0.231	0.44148937	0.5457023	0.5882353
31231	0.820	0.25	0.37731373	0.4117647
31232	0.760	0.39893615	0.55592316	0.5294118
31233	0.750	0.39893615	0.55592316	0.5294118
31234	0.479	0.14361702	0.1750274	0.1764706
31235	0.600	0.07978724	0.23917067	0.29411766
31236	0.875	0.30851066	0.4015704	0.4117647
31237	0.540	0.06382979	0.14150006	0.1764706
31238	0.596	0.3457447	0.32997805	0.3529412
31239	0.271	0.20212768	0.27415305	0.3529412
31240	0.660	0.2393617	0.3273336	0.4117647
31241	0.600	0.2287234	0.2893381	0.3529412
31242	0.458	0.0106382985	0.037995446	0.05882353
31243	0.115	0.09574468	0.25878567	0.29411766
31244	0.440	0.07978724	0.06971701	0.05882353
31245	0.420	0.14361702	0.256103	0.29411766
31246	0.542	0.03723404	0.09806647	0.11764706
31247	0.420	0.07446808	0.17288703	0.1764706
31248	0.312	0.042553194	0.10048737	0.11764706
31249	0.469	0.2712766	0.3231374	0.3529412
31250	0.302	0.06382979	0.10531038	0.11764706
31251	0.385	0.27659574	0.32953036	0.3529412
31252	0.600	0.76063836	0.8701582	0.88235295
31253	0.800	0.6702128	0.77417475	0.88235295
31254	0.320	0.122340426	0.19289511	0.1764706
31255	0.458	0.06382979	0.16928354	0.1764706
31256	0.500	0.15425533	0.3784827	0.47058824
31257	0.292	0.356383	0.3679735	0.4117647
31258	0.442	0.09574468	0.27212384	0.3529412
31259	0.778	0.17553192	0.23751931	0.23529412
31260	0.771	0.17553192	0.23751931	0.23529412
31261	0.458	0.19680853	0.18757813	0.1764706
31262	0.438	0.08510639	0.17590427	0.1764706
31263	0.340	0.29787233	0.5002791	0.5882353
31264	0.500	0.15957448	0.30983487	0.3529412
31265	0.077	0.13829787	0.22280729	0.23529412
31266	0.792	0.0	0.0	0.0
31267	0.123	0.069148935	0.19248977	0.23529412
31268	0.673	0.0106382985	0.037995446	0.05882353
31269	0.371	0.23404256	0.41028306	0.4117647
31270	0.360	0.09574468	0.21940713	0.23529412
31271	0.840	0.031914894	0.100648165	0.11764706
31272	0.058	0.4680851	0.5148694	0.5294118
31273	0.300	0.0106382985	0.037995446	0.05882353
31274	0.528	0.11170213	0.13220893	0.11764706
31275	0.479	0.0	0.0	0.0
31276	0.820	0.0	0.0	0.0
31277	0.708	0.0	0.0	0.0
31278	0.417	0.09574468	0.18250304	0.23529412
31279	0.280	0.60106385	0.589519	0.5882353
31280	0.640	0.101063825	0.21828717	0.23529412
31281	0.604	0.021276597	0.07599089	0.11764706
31282	0.312	0.2393617	0.2924766	0.29411766
31283	0.521	0.101063825	0.21206231	0.23529412
31284	0.660	0.0106382985	0.037995446	0.05882353
31285	0.560	0.21276596	0.21505071	0.23529412
31286	0.474	0.2393617	0.35130337	0.3529412
31287	0.685	0.13297872	0.17428897	0.1764706
31288	0.271	0.122340426	0.13629352	0.11764706
31289	0.729	0.15957448	0.14773577	0.1764706
31290	0.058	0.356383	0.5881649	0.7058824
31291	0.602	0.17021278	0.1601667	0.1764706
31292	0.708	0.84042555	0.6742739	0.64705884
31293	0.442	0.0	0.0	0.0
31294	0.140	0.24468085	0.309474	0.3529412
31295	0.920	0.101063825	0.21206231	0.23529412
31296	0.539	0.0	0.0	0.0
31297	0.146	0.031914894	0.11398634	0.1764706
31298	0.760	0.21808511	0.27898416	0.29411766
31299	0.620	0.042553194	0.10048737	0.11764706
31300	0.280	0.0	0.0	0.0
31301	0.096	0.21276596	0.2512404	0.29411766
31302	0.286	0.04787234	0.13606192	0.1764706
31303	0.227	0.031914894	0.0944233	0.11764706
31304	0.340	0.03723404	0.10675193	0.11764706
31305	0.627	0.026595745	0.08831953	0.11764706
31306	0.520	0.09574468	0.16603713	0.1764706
31307	0.088	0.026595745	0.08831953	0.11764706
31308	0.640	0.05319149	0.15707602	0.1764706
31309	0.771	0.05319149	0.18997724	0.29411766
31310	0.540	0.042553194	0.15198179	0.23529412
31311	0.292	0.3138298	0.3442026	0.3529412
31312	0.604	0.1968085	0.21032998	0.23529412
31313	0.604	0.06382979	0.15253675	0.1764706
31314	0.264	0.15957448	0.12817274	0.11764706
31315	0.422	0.41489363	0.46448538	0.5294118
31316	0.583	0.5106383	0.41409534	0.4117647
31317	0.660	0.44680852	0.5340723	0.5882353
31318	0.500	0.090425536	0.24085627	0.29411766
31319	0.434	0.101063825	0.27885172	0.3529412
31320	0.212	0.31914896	0.43820328	0.47058824
31321	0.688	0.15425532	0.42293528	0.5294118
31322	0.583	0.14893617	0.29578093	0.3529412
31323	0.480	0.11702128	0.21690725	0.23529412
31324	0.167	0.11170213	0.17147528	0.1764706
31325	0.625	0.021276597	0.07599089	0.11764706
31326	0.312	0.2287234	0.34290951	0.4117647
31327	0.440	0.042553194	0.15198179	0.23529412
31328	0.700	0.16489363	0.3780364	0.47058824
31329	0.606	0.10638298	0.15803654	0.1764706
31330	0.400	0.10638298	0.15803654	0.1764706
31331	0.646	0.2606383	0.2608655	0.23529412
31332	0.288	0.48404256	0.46001723	0.47058824
31333	0.646	0.44148937	0.29132783	0.29411766
31334	0.280	0.1968085	0.2951694	0.29411766
31335	0.604	0.4042553	0.40533644	0.4117647
31336	0.458	0.05319149	0.13848281	0.1764706
31337	0.583	0.042553194	0.10048737	0.11764706
31338	0.646	0.0106382985	0.037995446	0.05882353
31339	0.500	0.0	0.0	0.0
31340	0.320	0.0	0.0	0.0
31341	0.625	0.2606383	0.3255481	0.3529412
31342	0.824	0.356383	0.5413518	0.5882353
31343	0.375	0.12765957	0.31454787	0.3529412
31344	0.540	0.11702128	0.32486883	0.4117647
31345	0.729	0.16489363	0.14783806	0.1764706
31346	0.542	0.15425533	0.10984261	0.11764706
31347	0.167	0.21808511	0.1414619	0.11764706
31348	0.292	0.10638297	0.21570548	0.23529412
31349	0.550	0.31914896	0.25768068	0.29411766
31350	0.833	0.08510639	0.24281386	0.29411766
31351	0.420	0.05319149	0.10350462	0.11764706
31352	0.400	0.1968085	0.33438545	0.3529412
31353	0.500	0.021276597	0.07599089	0.11764706
31354	0.458	0.1968085	0.26071256	0.29411766
31355	0.404	0.0	0.0	0.0
31356	0.220	0.0	0.0	0.0
31357	0.560	0.03723404	0.10675193	0.11764706
31358	0.458	0.2393617	0.32440796	0.3529412
31359	0.167	0.5	0.5431632	0.5294118
31360	0.654	0.03723404	0.09806647	0.11764706
31361	0.340	0.07978724	0.25004825	0.3529412
31362	0.318	0.069148935	0.21205282	0.29411766
31363	0.358	0.6276596	0.80012745	0.88235295
31364	0.352	0.16489363	0.14783806	0.1764706
31365	0.604	0.07446808	0.17288703	0.1764706
31366	0.500	0.23404256	0.2904564	0.29411766
31367	0.270	0.11170213	0.32490852	0.4117647
31368	0.580	0.0106382985	0.037995446	0.05882353
31369	0.300	0.18617022	0.31969208	0.3529412
31370	0.191	0.18617022	0.31969208	0.3529412
31371	0.548	0.37765956	0.39883682	0.4117647
31372	0.560	0.021276597	0.07599089	0.11764706
31373	0.620	0.2712766	0.3824888	0.4117647
31374	0.312	0.0	0.0	0.0
31375	0.312	0.0	0.0	0.0
31376	0.769	0.19148935	0.22013544	0.23529412
31377	0.769	0.090425536	0.10771246	0.11764706
31378	0.673	0.37234044	0.30897343	0.29411766
31379	0.729	0.09574468	0.18565121	0.1764706
31380	0.896	0.25531915	0.32616323	0.3529412
31381	0.480	0.19148935	0.21659455	0.23529412
31382	0.688	0.2819149	0.3303085	0.3529412
31383	0.700	0.14893617	0.10974033	0.11764706
31384	0.604	0.14893617	0.3709247	0.47058824
31385	0.458	0.0	0.0	0.0
31386	0.900	0.18085107	0.38858172	0.4117647
31387	0.771	0.17021278	0.35058627	0.3529412
31388	0.438	0.3351064	0.48973888	0.5294118
31389	0.167	0.18617022	0.18456088	0.1764706
31390	0.671	0.5212766	0.5969178	0.5882353
31391	0.260	0.11170213	0.18314818	0.1764706
31392	0.708	0.37765956	0.38024363	0.4117647
31393	0.375	0.356383	0.60004884	0.5882353
31394	0.475	0.06382979	0.16682296	0.1764706
31395	0.302	0.31914896	0.4736648	0.5294118
31396	0.646	0.05851064	0.12256294	0.11764706
31397	0.240	0.031914894	0.062491916	0.05882353
31398	0.769	0.03723404	0.09806647	0.11764706
31399	0.680	0.026595743	0.06007102	0.05882353
31400	0.400	0.13829787	0.31012878	0.3529412
31401	0.380	0.12765957	0.27752057	0.29411766
31402	0.346	0.11702128	0.2437932	0.29411766
31403	0.520	0.5106383	0.5901849	0.5882353
31404	0.228	0.43617022	0.424909	0.4117647
31405	0.481	0.03723404	0.09806647	0.11764706
31406	0.577	0.069148935	0.1538287	0.1764706
31407	0.875	0.021276597	0.056427848	0.05882353
31408	0.021	0.23404256	0.31708193	0.3529412
31409	0.000	0.42553192	0.42911547	0.4117647
31410	0.479	0.13829787	0.23452297	0.23529412
31411	0.340	0.13829787	0.23452297	0.23529412
31412	0.398	0.05319149	0.18997724	0.29411766
31413	0.440	0.22340424	0.30984667	0.3529412
31414	0.404	0.17553192	0.37140155	0.4117647
31415	0.657	0.05319149	0.13848281	0.1764706
31416	0.542	0.042553194	0.10048737	0.11764706
31417	0.340	0.14361702	0.35546905	0.4117647
31418	0.500	0.20744681	0.177711	0.1764706
31419	0.940	0.32978725	0.37743717	0.3529412
31420	0.542	0.0106382985	0.037995446	0.05882353
31421	0.207	0.03723404	0.12631498	0.1764706
31422	0.375	0.069148935	0.19871464	0.23529412
31423	0.208	0.18085107	0.2103885	0.23529412
31424	0.144	0.14893617	0.10974033	0.11764706
31425	0.042	0.14893617	0.10974033	0.11764706
31426	0.375	0.62234044	0.61044514	0.5882353
31427	0.555	0.30851066	0.21968523	0.23529412
31428	0.780	0.37765956	0.412175	0.47058824
31429	0.745	0.11170213	0.29297712	0.3529412
31430	0.458	0.21808511	0.32447714	0.4117647
31431	0.750	0.0	0.0	0.0
31432	0.708	0.0106382985	0.037995446	0.05882353
31433	0.729	0.15957446	0.3541883	0.4117647
31434	0.300	0.356383	0.6298967	0.64705884
31435	0.500	0.15957448	0.14773577	0.1764706
31436	0.400	0.2393617	0.22914529	0.23529412
31437	0.460	0.28723404	0.43671915	0.47058824
31438	0.827	0.09574469	0.1200411	0.11764706
31439	0.700	0.28723404	0.39784548	0.4117647
31440	0.660	0.10638297	0.2254712	0.23529412
31441	0.292	0.26595744	0.28236565	0.29411766
31442	0.746	0.20212768	0.27415305	0.3529412
31443	0.083	0.19148935	0.20193413	0.1764706
31444	0.441	0.25	0.36240342	0.4117647
31445	0.420	0.25	0.36240342	0.4117647
31446	0.627	0.2606383	0.37347007	0.4117647
31447	0.604	0.2606383	0.37347007	0.4117647
31448	0.460	0.2606383	0.37347007	0.4117647
31449	0.271	0.0	0.0	0.0
31450	0.167	0.5	0.4900108	0.47058824
31451	0.740	0.18085107	0.39020425	0.47058824
31452	0.423	0.13297872	0.23211868	0.23529412
31453	0.760	0.2606383	0.37715295	0.4117647
31454	0.380	0.090425536	0.19362992	0.23529412
31455	0.396	0.2393617	0.2174528	0.23529412
31456	0.360	0.2287234	0.17945735	0.1764706
31457	0.860	0.05319149	0.13848281	0.1764706
31458	0.320	0.07446808	0.21447371	0.29411766
31459	0.650	0.0106382985	0.037995446	0.05882353
31460	0.680	0.042553194	0.06550917	0.05882353
31461	0.810	0.25531915	0.32616323	0.3529412
31462	0.648	0.5531915	0.61430967	0.64705884
31463	0.600	0.32978725	0.2761131	0.29411766
31464	0.583	0.090425536	0.21506836	0.23529412
31465	0.271	0.07978724	0.17707291	0.1764706
31466	0.583	0.042553194	0.13241875	0.1764706
31467	0.708	0.053191487	0.14839056	0.1764706
31468	0.271	0.13829787	0.34936526	0.4117647
31469	0.240	0.18617022	0.22775356	0.23529412
31470	0.208	0.18617022	0.22775356	0.23529412
31471	0.888	0.1968085	0.19430782	0.1764706
31472	0.880	0.21276596	0.2446319	0.23529412
31473	0.040	0.54787236	0.73243105	0.7647059
31474	0.375	0.101063825	0.17836577	0.1764706
31475	0.440	0.2393617	0.22914529	0.23529412
31476	0.312	0.25	0.26714075	0.29411766
31477	0.458	0.03723404	0.12631498	0.1764706
31478	0.900	0.04787234	0.11649887	0.11764706
31479	0.562	0.31914896	0.44932252	0.47058824
31480	0.125	0.14893617	0.27990076	0.29411766
31481	0.500	0.4787234	0.583134	0.5882353
31482	0.385	0.16489363	0.19952387	0.1764706
31483	0.580	0.042553194	0.15198179	0.23529412
31484	0.708	0.25	0.23889224	0.23529412
31485	0.854	0.0106382985	0.037995446	0.05882353
31486	0.808	0.021276597	0.07599089	0.11764706
31487	0.520	0.29787233	0.5096928	0.5882353
31488	0.646	0.21276596	0.2728804	0.29411766
31489	0.689	0.09574468	0.21929672	0.29411766
31490	0.479	0.20212765	0.3357466	0.3529412
31491	0.375	0.3351064	0.24709666	0.23529412
31492	0.260	0.3351064	0.24709666	0.23529412
31493	0.519	0.14361702	0.21121709	0.23529412
31494	0.200	0.3670213	0.5907464	0.5882353
31495	0.600	0.14893617	0.22354572	0.23529412
31496	0.600	0.35106385	0.3446253	0.3529412
31497	0.250	0.05851064	0.14020811	0.1764706
31498	0.923	0.5531915	0.42121816	0.4117647
31499	0.800	0.5425532	0.3832227	0.3529412
31500	0.400	0.04787234	0.16431043	0.23529412
31501	0.400	0.0	0.0	0.0
31502	0.241	0.21276596	0.26665553	0.29411766
31503	0.188	0.0	0.0	0.0
31504	0.542	0.0106382985	0.037995446	0.05882353
31505	0.346	0.09574468	0.16780229	0.1764706
31506	0.722	0.47340426	0.40870494	0.4117647
31507	0.438	0.13297872	0.3457221	0.4117647
31508	0.396	0.069148935	0.19248977	0.23529412
31509	0.300	0.03723404	0.12631498	0.1764706
31510	0.673	0.101063825	0.28445247	0.3529412
31511	0.385	0.2819149	0.14359204	0.11764706
31512	0.330	0.2925532	0.18158749	0.1764706
31513	0.676	0.4574468	0.5842941	0.64705884
31514	0.354	0.4574468	0.5842941	0.64705884
31515	0.271	0.0106382985	0.037995446	0.05882353
31516	0.458	0.19148938	0.27111435	0.29411766
31517	0.780	0.31914896	0.43956584	0.47058824
31518	0.600	0.0106382985	0.037995446	0.05882353
31519	0.405	0.0106382985	0.037995446	0.05882353
31520	0.240	0.06382979	0.16682296	0.1764706
31521	0.860	0.11702128	0.196032	0.23529412
31522	0.792	0.10638298	0.15803654	0.1764706
31523	0.896	0.22340426	0.35130024	0.3529412
31524	0.440	0.2393617	0.2838072	0.29411766
31525	0.369	0.15957448	0.32845074	0.4117647
31526	0.620	0.05851064	0.15081145	0.1764706
31527	0.400	0.0	0.0	0.0
31528	0.542	0.0106382985	0.037995446	0.05882353
31529	0.340	0.0106382985	0.037995446	0.05882353
31530	0.460	0.26595747	0.25427788	0.23529412
31531	0.167	0.0	0.0	0.0
31532	0.240	0.2712766	0.31132093	0.29411766
31533	0.361	0.053191487	0.06731493	0.05882353
31534	0.208	0.053191487	0.06731493	0.05882353
31535	0.583	0.3457447	0.29450577	0.29411766
31536	0.440	0.3351064	0.25651032	0.23529412
31537	0.492	0.16489363	0.23145525	0.23529412
31538	0.417	0.07978724	0.27829677	0.4117647
31539	0.688	0.026595745	0.08831953	0.11764706
31540	0.625	0.03723404	0.12631498	0.1764706
31541	0.500	0.5106383	0.46057168	0.47058824
31542	0.396	0.069148935	0.18880689	0.23529412
31543	0.646	0.090425536	0.24085627	0.29411766
31544	0.708	0.122340426	0.20213576	0.23529412
31545	0.771	0.12765959	0.23402745	0.29411766
31546	0.480	0.11702128	0.196032	0.23529412
31547	0.542	0.0	0.0	0.0
31548	0.482	0.05851064	0.15081145	0.1764706
31549	0.521	0.3829787	0.44418558	0.4117647
31550	0.740	0.0106382985	0.037995446	0.05882353
31551	0.819	0.19680853	0.18757813	0.1764706
31552	0.583	0.20744681	0.22557358	0.23529412
31553	0.940	0.031914894	0.11398634	0.1764706
31554	0.438	0.0	0.0	0.0
31555	0.708	0.32978725	0.44122055	0.47058824
31556	0.688	0.090425536	0.10771246	0.11764706
31557	0.231	0.36170214	0.3066736	0.29411766
31558	0.688	0.021276597	0.07599089	0.11764706
31559	0.480	0.23404256	0.27573687	0.29411766
31560	0.780	0.18085107	0.18460059	0.1764706
31561	0.380	0.3138298	0.35642895	0.3529412
31562	0.440	0.015957447	0.050324082	0.05882353
31563	0.716	0.06382979	0.10531038	0.11764706
31564	0.767	0.59042555	0.49820325	0.5294118
31565	0.519	0.0	0.0	0.0
31566	0.320	0.2180851	0.3155255	0.3529412
31567	0.292	0.30319148	0.45015982	0.47058824
31568	0.958	0.21808511	0.24841706	0.23529412
31569	0.900	0.2287234	0.2864125	0.29411766
31570	0.460	0.015957447	0.050324082	0.05882353
31571	0.420	0.24468085	0.25481212	0.29411766
31572	0.625	0.053191487	0.06731493	0.05882353
31573	0.540	0.053191487	0.06731493	0.05882353
31574	0.292	0.07446808	0.14330582	0.1764706
31575	0.180	0.07446808	0.14330582	0.1764706
31576	0.520	0.44148937	0.50012076	0.5294118
31577	0.229	0.13297872	0.3457221	0.4117647
31578	0.560	0.13297872	0.29411727	0.3529412
31579	0.220	0.11170212	0.18987787	0.1764706
31580	0.620	0.5531915	0.59421265	0.64705884
31581	0.667	0.11702128	0.22423014	0.23529412
31582	0.792	0.3031915	0.34045714	0.3529412
31583	0.380	0.03723404	0.10675193	0.11764706
31584	0.417	0.0	0.0	0.0
31585	0.188	0.3351064	0.41620055	0.4117647
31586	0.417	0.021276597	0.07599089	0.11764706
31587	0.327	0.031914894	0.11398634	0.1764706
31588	0.538	0.031914894	0.0944233	0.11764706
31589	0.560	0.18617022	0.38174173	0.4117647
31590	0.833	0.31914896	0.3482465	0.3529412
31591	0.640	0.090425536	0.12540644	0.11764706
31592	0.229	0.18617022	0.2777936	0.29411766
31593	0.062	0.2819149	0.435789	0.5294118
31594	0.500	0.2925532	0.18158749	0.1764706
31595	0.392	0.2180851	0.3834904	0.4117647
31596	0.337	0.0106382985	0.037995446	0.05882353
31597	0.269	0.0106382985	0.037995446	0.05882353
31598	0.771	0.06382979	0.1888466	0.23529412
31599	0.154	0.3457447	0.5051411	0.5294118
31600	0.560	0.053191487	0.06731493	0.05882353
31601	0.240	0.10638298	0.21271805	0.23529412
31602	0.625	0.026595745	0.08831953	0.11764706
31603	0.458	0.0	0.0	0.0
31604	0.339	0.0	0.0	0.0
31605	0.354	0.356383	0.29752302	0.29411766
31606	0.667	0.03723404	0.12631498	0.1764706
31607	0.542	0.2287234	0.17945735	0.1764706
31608	0.271	0.042553194	0.15198179	0.23529412
31609	0.200	0.05319149	0.18997724	0.29411766
31610	0.417	0.15957448	0.3224475	0.3529412
31611	0.417	0.45212767	0.5237475	0.5294118
31612	0.146	0.17021278	0.1342368	0.11764706
31613	0.646	0.38829786	0.40744913	0.4117647
31614	0.620	0.20744681	0.29248318	0.3529412
31615	0.580	0.10638298	0.28495547	0.3529412
